%align data function 
%     hand     | forearm | torso | upperarm
ser = [42.822,  29.286,  53.258,   54.732];
sma = [55.83,   69.86,   61.252,   98.604];
fhf = [57.132,  69.9,    43.512,   30.078];
bhf = [80.66,   93.3,    69.86,    41.95];
cle = [147.322, 161.474, 134.914,  120.198];


% use these values to align the data accordingly

% filter